5 7
-0.8173339963 -0.5555685163 -0.8266895413 -1.2969543934 -0.1973787844 -0.9643335342 -0.5132989287
 2.6277847290 -0.7464957833  1.0050938129 -0.2568392158  0.4764928520 -0.6652101278 -0.3626655638
-1.4503511190 -0.2495868653  0.8297731876  1.1209472418  0.9999132752 -0.4344386458 -2.1805989742
-1.1093748808 -2.0410380363  0.0333652273  1.6294132471 -2.1184198856  0.7827581763  0.5631665587
-1.1151163578  0.1490076184 -1.0923006535 -1.4551283121  1.3358182907  0.3075266480  0.6277765632
5 7
 2.7470047474  0.3690196276  1.3373314142 -0.9179764986 -0.9615129232 -0.8896581531  1.0617526770
-0.3206027448 -0.7665569782  0.4300913513  0.1496529877 -0.2459997088 -1.4636487961 -0.7755851746
-0.2594423592 -1.9790446758 -0.5749108791  0.5853053927 -1.3658185005 -0.2194597423 -1.7205533981
-0.1052618995 -0.4766981304  0.0241707973  1.0271598101 -1.6995930672  0.2431600392  0.9081556201
-2.4758336544  0.1887108684 -0.7037196755  0.6483726501  2.6227126122  0.1338936985 -0.8655710220
5 7
-0.2753530741 -0.3702923656  0.3324183524  0.5222781897  0.6027423143 -0.5402619839 -0.8976597786
-0.0979295000 -2.2644422054 -1.3223894835 -0.5860189199  1.6103080511 -1.4181116819  1.4855009317
 0.0709397495  1.0599883795  0.7813009024 -1.4199656248  2.1478998661 -2.2389860153  0.4298786819
-0.1402427554 -0.3681409061 -0.0415657982  2.3955464363 -0.1545545608 -0.0725015253 -1.0098866224
-0.1648085564  0.1927908808 -0.6213324070  2.7956609726  0.5027334094 -0.0568653494  1.3916392326
5 7
-0.0022831103 -0.0022831103 -0.0022831103 -0.0022831103 -0.0022831103 -0.0022831103 -0.0022831103
-0.0005659851 -0.0005659851 -0.0005659851 -0.0005659851 -0.0005659851 -0.0005659851 -0.0005659851
-0.0024553903 -0.0024553903 -0.0024553903 -0.0024553903 -0.0024553903 -0.0024553903 -0.0024553903
-0.0026458753 -0.0026458753 -0.0026458753 -0.0026458753 -0.0026458756 -0.0026458756 -0.0026458756
-0.0024183663 -0.0024183663 -0.0024183663 -0.0024183663 -0.0024183663 -0.0024183663 -0.0024183663
5 7
-0.0022451328 -0.0022451328 -0.0022451328 -0.0022451328 -0.0022451328 -0.0022451328 -0.0022451328
-0.0234817695 -0.0234817695 -0.0234817695 -0.0234817695 -0.0234817695 -0.0234817695 -0.0234817695
 0.0059019127  0.0059019127  0.0059019127  0.0059019127  0.0059019127  0.0059019127  0.0059019127
 0.0012574238  0.0012574238  0.0012574238  0.0012574238  0.0012574239  0.0012574239  0.0012574239
 0.0185675696  0.0185675696  0.0185675696  0.0185675696  0.0185675696  0.0185675696  0.0185675696
5 7
-0.0846141726 -0.0846141726 -0.0846141726 -0.0846141726 -0.0846141726 -0.0846141726 -0.0846141726
-0.1125605255 -0.1125605255 -0.1125605255 -0.1125605255 -0.1125605255 -0.1125605255 -0.1125605255
-0.1379632801 -0.1379632801 -0.1379632801 -0.1379632801 -0.1379632801 -0.1379632801 -0.1379632801
-0.0944606587 -0.0944606587 -0.0944606587 -0.0944606587 -0.0944606587 -0.0944606587 -0.0944606587
-0.0962642953 -0.0962642953 -0.0962642953 -0.0962642953 -0.0962642953 -0.0962642953 -0.0962642953