3 7 4 5 1.4820412397384644
#3 4 7
-0.25279873609542847 1.4072133302688599 0.2910495698451996 1.0364677906036377 -0.9815582036972046 -3.4219090938568115 1.4910334348678589
0.24220871925354004 1.4831993579864502 -0.3703649640083313 0.0941132977604866 2.1528117656707764 0.6270558834075928 -1.1665958166122437
-0.7862483859062195 0.07593202590942383 -0.008622645400464535 -0.656809389591217 -1.0011379718780518 0.2991512417793274 0.6395756006240845
-1.0856510400772095 -1.6153234243392944 1.5634586811065674 -1.7951856851577759 0.6095353960990906 -0.7203015685081482 0.6119257211685181
0.32589536905288696 -1.6059141159057617 -0.5272387266159058 0.34006452560424805 -1.3832223415374756 1.1149173974990845 -0.7775999903678894
0.2737630605697632 0.9146955013275146 -1.189630389213562 -0.7500902414321899 -1.5465434789657593 1.0044089555740356 -0.09856034815311432
1.396193027496338 -0.9138482809066772 -1.1788334846496582 -0.6680701971054077 -0.3167555332183838 0.9893192052841187 0.22160224616527557
1.6330602169036865 1.074743628501892 1.7402106523513794 0.08566796779632568 0.33936750888824463 0.9895439147949219 1.1944442987442017
-0.4008338153362274 -0.6277982592582703 1.9198027849197388 1.3002798557281494 0.024298280477523804 0.38559281826019287 1.49239182472229
-0.9468123912811279 0.0003958349407184869 -0.6882324814796448 0.47699853777885437 -0.416337251663208 0.5905320048332214 -1.689976453781128
-1.0060940980911255 1.3570945262908936 -0.508222222328186 0.29235514998435974 2.4195218086242676 -0.25780779123306274 -0.3229812681674957
0.04584828391671181 1.6651716232299805 1.4431569576263428 -0.8176957964897156 0.4038127660751343 0.16074737906455994 0.709650993347168
#1 5 7
1.521698236465454 -0.6642539501190186 -1.517480492591858 -1.4720078706741333 1.4807100296020508 0.3978252708911896 0.1204671710729599
0.5859761834144592 0.30741745233535767 -0.7404598593711853 -0.6758241653442383 0.06736227869987488 -0.8598080277442932 0.24956020712852478
1.264303207397461 0.2712092697620392 -0.07285447418689728 -2.4516186714172363 -0.6804879307746887 0.21747194230556488 0.2640136778354645
0.4201429486274719 0.7831060886383057 0.3310386836528778 -0.7574440240859985 0.7052239179611206 -1.4275273084640503 0.20878197252750397
-0.07521601021289825 0.4385252296924591 -1.016194224357605 -0.2639535367488861 2.2916078567504883 -2.0679333209991455 0.8149300813674927
#1 1 5
0.652031660079956 -0.5012441277503967 1.1639710664749146 0.21075871586799622 -2.1570138931274414
#3 1 5
-0.6331703662872314 -1.2770981788635254 0.5042699575424194 0.09193002432584763 -1.106299638748169
-0.6523386240005493 -1.7497838735580444 0.26003068685531616 -1.1501516103744507 1.4150981903076172
-0.9647620320320129 -2.2829043865203857 -0.8619527220726013 0.15903623402118683 1.5968527793884277
#3 4 5
-0.9999470710754395 0.9713358879089355 -0.7693771719932556 0.9999130964279175 0.9992614388465881
0.9989064931869507 -0.36095473170280457 0.03210287541151047 0.9301691651344299 0.9074180722236633
-0.7169123888015747 -0.5739481449127197 0.9912990927696228 -0.5116884708404541 -0.9996122717857361
0.7749891877174377 -0.6442137956619263 0.9968791604042053 0.960540235042572 -0.4727603793144226
0.6728284955024719 -0.9553065896034241 0.8676760196685791 -0.9994185566902161 -0.9999999403953552
0.8992199897766113 0.32371923327445984 0.9998952746391296 -0.8689162731170654 -0.9999893307685852
0.9999901056289673 0.4957661032676697 0.9998878240585327 -0.8835864067077637 -0.9991468787193298
0.6020625233650208 -0.7969653010368347 0.9981147050857544 0.8682218790054321 -0.9991722702980042
-0.9993280172348022 -0.9965943098068237 -0.9829938411712646 -0.7700154781341553 -0.9995695352554321
-0.7746664881706238 -0.9494560360908508 -0.8295519351959229 -0.9786815643310547 -0.9999201893806458
0.964141309261322 -0.18853029608726501 -0.9760994911193848 0.9857364892959595 0.9998554587364197
-0.5533778667449951 -0.39047983288764954 0.9982514381408691 0.9931224584579468 -0.906877875328064
#3 1 5
0.014259055256843567 -0.15194520354270935 0.3127259910106659 0.5947335362434387 0.1085767149925232
0.7935252785682678 -0.23319664597511292 0.9663934707641602 -0.47092482447624207 -0.9995771050453186
-0.3408077359199524 -0.6312651038169861 -0.4475984573364258 0.05754047632217407 -0.47662806510925293
#1 5 7
0.03500785306096077 0.012047111988067627 0.056364186108112335 -0.02504057064652443 -0.03956446051597595 0.07289471477270126 0.022963911294937134
0.004385774955153465 0.18663454055786133 -0.00905679166316986 -0.12653030455112457 0.11948183923959732 0.1084333136677742 0.024556253105401993
-0.003624929580837488 -0.02164546027779579 -0.0037149975541979074 0.0016340091824531555 -0.01929951086640358 0.014059722423553467 -0.007717464119195938
0.007754020392894745 0.009341917932033539 -0.004244179930537939 -0.019077662378549576 -0.01525539718568325 0.019603338092565536 0.011449863202869892
-0.03336390107870102 -0.06054634600877762 0.028655050322413445 -0.04570635408163071 0.0294717438519001 -0.020627345889806747 0.002045932225883007
#1 1 5
0.10972604900598526 0.2936302423477173 0.0022573713213205338 0.03037985786795616 0.026051610708236694
