3 4
1.0 1.0 1.0 1.0
1.0 1.0 1.0 1.0
1.0 1.0 1.0 1.0
5 3
-1.206070899963379 0.06167072802782059 1.1631553173065186
-1.5008302927017212 -1.5944066047668457 -0.01870560459792614
-2.1324880123138428 -0.5270004868507385 -0.10209553688764572
0.009908897802233696 -0.4454396665096283 -1.4975860118865967
-0.947475254535675 -0.613038182258606 -0.12905961275100708
5 1
-0.4106982350349426
1.3930692672729492
-0.0984376072883606
1.6790952682495117
-0.9380924701690674
2 5
-0.48989245295524597 0.28110840916633606 -0.28132164478302 0.47785601019859314 -0.9933316707611084
0.15121044218540192 0.28764939308166504 -0.7792084217071533 0.4475064277648926 1.6851048469543457
2 1
-1.6666905879974365
0.734098494052887
5 3
0.3899987041950226 0.3899987041950226 0.3899987041950226
0.12075206637382507 0.12075206637382507 0.12075206637382507
-0.17368124425411224 -0.17368124425411224 -0.17368124425411224
0.341383695602417 0.341383695602417 0.341383695602417
0.6386772394180298 0.6386772394180298 0.6386772394180298
5 1
0.3899987041950226
0.12075206637382507
-0.17368124425411224
0.341383695602417
0.6386772394180298
2 5
-0.7130597233772278 -0.2683524787425995 -0.0957801342010498 -0.7724462747573853 -0.11914517730474472
2.011864185333252 0.7571437358856201 0.27023908495903015 2.1794204711914062 0.3361624479293823
2 1
-1.7682836055755615
4.989128112792969
