2 5 3 6 1.824292540550232
#2 3 5
0.24720126390457153 1.9072133302688599 0.791049599647522 1.5364677906036377 -0.4815582036972046
-2.9219090938568115 1.9910334348678589 0.74220871925354 1.9831993579864502 0.1296350359916687
0.594113290309906 2.6528117656707764 1.1270558834075928 -0.6665958166122437 0.2464337944984436
0.6039976477622986 -0.8832223415374756 1.6149173974990845 -0.2775999903678894 0.7737630605697632
1.4146955013275146 -0.689630389213562 1.7384123802185059 0.25803613662719727 1.5044089555740356
0.4014396667480469 1.896193027496338 -0.41384828090667725 -0.6788334846496582 -0.16807019710540771
#1 6 5
0.3883254826068878 -0.39568641781806946 0.22160224616527557 1.6330602169036865 1.074743628501892
1.7402106523513794 0.08566796779632568 0.33936750888824463 -1.2278305292129517 -0.9469689726829529
-0.4008338153362274 -0.6277982592582703 1.9198027849197388 1.3002798557281494 0.2722977101802826
0.043899182230234146 0.5619236826896667 1.218693494796753 -0.3231877386569977 0.33121880888938904
2.762758493423462 0.014675090089440346 0.8890634179115295 -0.6665831208229065 -0.7805454730987549
-1.4835246801376343 0.3403019607067108 0.2989487648010254 -0.9530401229858398 1.1746963262557983
#1 1 6
-0.9986410140991211 1.1653635501861572 -0.10946087539196014 0.4056065082550049 -2.3531877994537354 -1.76797616481781
#2 3 6
1.4807100296020508 0.3978252708911896 0.1204671710729599 0.5859761834144592 0.10348762571811676 1.3881092071533203
-0.1970813125371933 0.5990684628486633 -0.8598080277442932 0.24956020712852478 1.264303207397461 0.2712092697620392
-0.23188447952270508 -0.2852227985858917 1.2781764268875122 0.9992538094520569 -0.488777756690979 -0.2059113085269928
-0.1913737654685974 0.6216920614242554 -0.7574440240859985 0.7052239179611206 -1.4275273084640503 -0.3296259045600891
0.5358359217643738 0.1171557754278183 -1.8638219833374023 2.1130948066711426 2.2916078567504883 -2.0679333209991455
0.8149300813674927 0.38859736919403076 -2.439713716506958 -0.5110177397727966 -0.6174778342247009 0.04732147976756096
#2 3 6
0.62470942735672 0.6449440717697144 0.8786254525184631 0.8576790690422058 0.16977058351039886 0.036291901022195816
0.6505290865898132 0.002341271610930562 0.9791775345802307 0.8458821177482605 1.4235172784538008e-05 0.8492072224617004
0.08381602168083191 0.9675195217132568 0.34322285652160645 0.97322016954422 0.6413312554359436 0.3810977339744568
0.5796933174133301 0.9086240530014038 0.9590259790420532 0.9046427011489868 0.5791782140731812 0.2127704918384552
0.9043980836868286 0.9180889129638672 0.9789381623268127 0.9317367076873779 0.8512515425682068 0.11300639808177948
0.04861588403582573 0.9467782974243164 0.039782073348760605 0.7591661810874939 0.2688367962837219 0.1990186870098114
#2 3 6
0.2770226001739502 0.3397425711154938 1.064069151878357 0.9991430640220642 -1.1331210136413574 -1.5468560457229614
0.23831242322921753 -1.3706984519958496 1.0541236400604248 0.7232415676116943 -1.3764748573303223 0.7314954996109009
-1.463065505027771 1.223689079284668 -0.6743819117546082 1.241020917892456 0.2319674789905548 -0.5592296123504639
-0.42015090584754944 0.8253203630447388 1.0161634683609009 0.8102452754974365 -0.42210128903388977 -1.809476375579834
0.402342289686203 0.44768086075782776 0.6491893529891968 0.49287691712379456 0.226342111825943 -2.2184317111968994
-0.9378964304924011 1.627083659172058 -0.9631240367889404 1.0912994146347046 -0.308987557888031 -0.5083747506141663
#1 6 5
-0.0419154055416584 -0.04985731840133667 -0.023457027971744537 -0.027536557987332344 0.014598309993743896
0.004986622370779514 0.02583272010087967 0.00444125896319747 0.01814430020749569 -0.0021633515134453773
-0.006167202722281218 -0.09150811284780502 -0.018903516232967377 0.03617386519908905 0.004341007210314274
-0.008347533643245697 0.022550735622644424 -0.06740022450685501 -0.024590348824858665 -0.03970947489142418
-0.007223708089441061 0.09521441161632538 0.05537188798189163 -0.018891870975494385 -0.026942459866404533
0.02444194070994854 -0.004038088023662567 0.0029355748556554317 -0.013167865574359894 0.005023415200412273
#1 1 6
-0.03946566581726074 0.004900341387838125 -0.00782850943505764 -0.029471300542354584 0.06053340807557106 -0.018648751080036163
