#1 4 3
0.4624912738800049
-0.16921773552894592
0.3718835115432739
1.4709035158157349
-0.15678347647190094
-2.871971607208252
1.9053609371185303
-0.14565826952457428
-1.8826074600219727
-1.0216962099075317
-0.21685384213924408
-1.0114550590515137
#1 5 3
0.1613893061876297
-0.09391869604587555
1.7723201513290405
-0.02838265895843506
0.026528140529990196
0.2604580819606781
-2.3930890560150146
-0.38886433839797974
-0.21866072714328766
-0.9258536696434021
-0.5891093015670776
-0.17481441795825958
0.0076774368062615395
-0.22846469283103943
0.46341145038604736
#1 1 5
-1.1019072532653809
-0.1994938850402832
0.8400232791900635
1.0470082759857178
0.37825313210487366
#1 6 5
1.0514585971832275
0.5531760454177856
-0.49249833822250366
0.012732968665659428
-0.22065572440624237
-0.1774972528219223
0.16324728727340698
0.0233177300542593
-0.7571151852607727
-1.045954942703247
0.47152480483055115
-1.1399346590042114
1.0206751823425293
-0.9974703192710876
1.9057257175445557
0.3120761513710022
0.15280628204345703
-0.008549842052161694
-0.5126007795333862
2.5301015377044678
0.2426818460226059
-0.24568240344524384
-1.7179067134857178
0.8195801973342896
-1.2991565465927124
0.5778920650482178
0.5686261653900146
0.7933553457260132
-1.1555376052856445
-0.8113270401954651
#1 1 6
0.2006373554468155
-0.48768216371536255
-0.6483132839202881
0.32028356194496155
-1.1711838245391846
0.6423905491828918
#1 4 6
0.49994903802871704
-0.9282848238945007
0.020558321848511696
0.9477784037590027
-0.9767996668815613
0.2037617415189743
0.23307029902935028
-0.825394868850708
-0.6920162439346313
0.6628730297088623
-0.8742138147354126
0.0012826316524297
0.28780385851860046
-0.8233676552772522
-0.5711450576782227
0.8156111240386963
-0.8993716835975647
0.05611330643296242
-0.10948185622692108
-0.9227651953697205
-0.05681291222572327
0.8192456960678101
-0.9928792715072632
0.2144901603460312
#1 5 3
0.001558970077894628
-0.0005366725381463766
0.000267066148808226
0.01733461022377014
-0.0025637452490627766
-0.024895088747143745
-0.0027769948355853558
0.0005032004555687308
0.0012977940496057272
0.001016854657791555
0.00014587590703740716
0.004229910206049681
0.02115616947412491
-0.004788994323462248
-0.05393815040588379
#1 1 5
0.0031551183201372623
0.0157500971108675
-0.003112170845270157
-0.000555348873604089
0.027626659721136093
#1 6 5
0.004714283160865307
0.011195877566933632
0.002232682891190052
0.016306709498167038
0.013798052445054054
-0.001912902109324932
-0.007632035296410322
-0.006465008482336998
-0.013193931430578232
-0.009316172450780869
-0.0030268942937254906
-0.010900177992880344
-0.007396958768367767
-0.017956659197807312
-0.013345088809728622
0.0030984508339315653
0.02129175141453743
0.022122202441096306
0.04030963405966759
0.025383003056049347
-0.0006506012286990881
-0.003753568744286895
-0.0017579220002517104
-0.006304486654698849
-0.004442056640982628
0.0006791880587115884
0.005170478019863367
0.009070745669305325
0.010916903614997864
0.0062907361425459385
#1 1 6
0.03292934596538544
-0.022243931889533997
-0.031858593225479126
0.06441571563482285
-0.011849464848637581
0.014467762783169746
