5 4
0.48963454365730286 0.5671587586402893 1.5507452487945557 -0.35833540558815
-1.5368314981460571 0.13376091420650482 -1.9383785724639893 0.646371066570282
0.7650986909866333 -0.4083245098590851 -0.7131708264350891 -0.7575955986976624
0.3669933080673218 -0.8729515075683594 1.686045527458191 0.3176167607307434
-0.7787120938301086 0.5548747181892395 1.3396345376968384 1.4768422842025757
3 4
1.6790952682495117 -0.9380924701690674 -0.48989245295524597 0.28110840916633606
-0.28132164478302 0.47785601019859314 -0.9933316707611084 0.15121044218540192
0.28764939308166504 -0.7792084217071533 0.4475064277648926 1.6851048469543457
5 4
-0.30568671226501465 0.1654069721698761 0.3563045561313629 -0.3805597424507141
-0.6842093467712402 0.5564590692520142 -0.11209945380687714 -0.36346349120140076
0.13174191117286682 0.06116318702697754 -0.0671517625451088 -0.44860851764678955
0.09178264439105988 -0.2745382487773895 0.5006949305534363 0.16689196228981018
-0.5713286995887756 0.13171815872192383 0.5008852481842041 0.17392942309379578
