#2 5 3
-0.817333996295929 -0.555568516254425 -0.8266895413398743
-1.2969543933868408 -0.19737878441810608 -0.9643335342407227
-0.5132989287376404 2.6277847290039062 -0.74649578332901
1.0050938129425049 -0.25683921575546265 0.47649285197257996
-0.6652101278305054 -0.3626655638217926 1.6471320390701294
-1.0891081094741821 1.3290292024612427 1.1973766088485718
-1.2645164728164673 -0.43443864583969116 -2.1805989742279053
-1.1093748807907104 -0.7574429512023926 -1.5660330057144165
-1.080498218536377 -0.8832487463951111 0.9741045832633972
0.5631665587425232 -1.1151163578033447 0.1490076184272766
#1 5 3
-1.4343018531799316 -1.446091890335083 0.41195446252822876
-0.49376800656318665 0.13726156949996948 -0.09063178300857544
0.40626952052116394 -0.19817085564136505 -1.105183482170105
1.913201928138733 0.2192741334438324 -0.7457584738731384
0.5406613945960999 -0.9312540292739868 0.1914099156856537
#1 1 5
0.22945712506771088 -0.7245551943778992 -0.8332100510597229 0.8764324188232422 -0.6386395692825317
#2 5 5
0.1902381330728531 0.5321756601333618 0.012412045150995255 0.16307801008224487 0.10209614783525467
0.32476934790611267 0.2536391615867615 0.11005962640047073 0.09525157511234283 0.2162802517414093
0.17343585193157196 0.3433510661125183 0.12789446115493774 0.09987113624811172 0.25544750690460205
0.2408902645111084 0.2810402512550354 0.18531769514083862 0.06163424253463745 0.23111756145954132
0.23923127353191376 0.24555793404579163 0.1147410124540329 0.14890538156032562 0.2515643835067749
0.2471970021724701 0.2911316752433777 0.07000277936458588 0.2847787141799927 0.10688987374305725
0.16995441913604736 0.09227749705314636 0.1226515993475914 0.29185768961906433 0.32325878739356995
0.28974470496177673 0.053696416318416595 0.13564945757389069 0.36398133635520935 0.15692804753780365
0.053874388337135315 0.36257293820381165 0.03303162753582001 0.29246005415916443 0.258061021566391
0.3004195988178253 0.22671721875667572 0.25407931208610535 0.11768169701099396 0.10110213607549667
2.222156286239624
#2 5 5
1.8646055459976196 -0.32231569290161133 -0.14152687788009644 -0.19260358810424805 -0.7214016914367676
1.977847695350647 -0.02385389804840088 -0.25524288415908813 -0.9290235042572021 -1.3406260013580322
-3.141857624053955 -0.042754530906677246 -0.7374832630157471 1.0272986888885498 -3.5061821937561035
-0.6444443464279175 -1.2992780208587646 -0.9005850553512573 2.3877129554748535 0.23516392707824707
2.3865604400634766 -0.5951582789421082 -2.851977825164795 -1.7041349411010742 -0.34528183937072754
0.3629332184791565 -0.11288422346115112 -2.862377166748047 -1.8087832927703857 -2.235952377319336
1.7730860710144043 0.037822425365448 1.1491105556488037 -0.011903762817382812 -1.3351303339004517
2.2708334922790527 -0.13881677389144897 0.5969416499137878 -0.2442309856414795 -0.8328181505203247
3.457763433456421 -0.4005606770515442 -2.1737136840820312 -2.1108994483947754 -0.2138410210609436
1.095651388168335 -1.1691962480545044 -0.5481098294258118 1.5982439517974854 0.732820987701416
#2 5 5
0.010991241782903671 -0.018779873847961426 0.01724083535373211 -0.013197817839682102 0.008458319120109081
0.0011370193678885698 0.021050654351711273 0.005489467643201351 -0.008036019280552864 -0.01157792191952467
-0.017142649739980698 0.01121043972671032 -0.0026051888708025217 0.0005459536914713681 -0.02439214289188385
-0.021647438406944275 -0.01513985637575388 -0.009880196303129196 0.03489244356751442 0.02547607012093067
0.026661820709705353 0.0016586118144914508 -0.010244919918477535 -0.014204563573002815 0.002035681391134858
-0.021771926432847977 -0.004875975660979748 -0.0063856798224151134 -0.025316424667835236 -0.007950378581881523
-0.004919649567455053 0.01895175501704216 0.021678471937775612 -0.010119718499481678 -0.025584446266293526
-0.00910965260118246 0.018247097730636597 0.005976398009806871 -0.02128473110496998 -0.004552335944026709
0.05970967933535576 -0.018079297617077827 -0.0020794651936739683 -0.02690889872610569 -0.005117942579090595
-0.023908445611596107 -0.014243578538298607 -0.019189728423953056 0.0836297795176506 0.04320509731769562
#1 5 3
-0.07909395545721054 -0.1014634221792221 0.0897403359413147
-0.06141098961234093 0.04234110191464424 -0.11309899389743805
-0.05863767862319946 -0.010450778529047966 -0.10834670066833496
0.2056024670600891 -0.0760747492313385 0.022817296907305717
0.1207975298166275 -0.11345433443784714 0.09272481501102448
#1 1 5
-1.862645149230957e-09 -2.2351741790771484e-08 -5.587935447692871e-09 7.450580596923828e-09 0.0
